    x (cm) y (mico-m)       yerr
  0.000000  -0.454484   0.600000
  0.500000  -1.210800   0.600000
  1.000000  -1.113384   0.600000
  1.500000   0.632079   0.600000
  2.000000  -0.251793   0.600000
  2.500000  -0.233587   0.600000
  3.000000   0.728305   0.600000
  3.500000   0.659533   0.600000
  4.000000   0.338326   0.600000
  4.500000   2.183430   0.600000
  5.000000   2.733838   0.600000
  5.500000   3.334227   0.600000
  6.000000   2.103953   0.600000
  6.500000   3.043500   0.600000
  7.000000   3.643353   0.600000
