    x (cm) y (mico-m)
 -3.000000   0.932604
 -2.877551   0.715496
 -2.755102   0.243790
 -2.632653  -0.296012
 -2.510204  -0.319835
 -2.387755  -1.185955
 -2.265306  -1.289566
 -2.142857  -1.634315
 -2.020408  -1.523080
 -1.897959  -1.775618
 -1.775510  -1.887701
 -1.653061  -1.847221
 -1.530612  -2.293771
 -1.408163  -2.397467
 -1.285714  -2.066013
 -1.163265  -2.132561
 -1.040816  -2.829307
 -0.918367  -2.214649
 -0.795918  -2.278600
 -0.673469  -2.197723
 -0.551020  -2.065821
 -0.428571  -1.823096
 -0.306122  -2.242638
 -0.183673  -2.710235
 -0.061224  -1.875188
  0.061224  -2.216651
  0.183673  -1.905376
  0.306122  -1.966423
  0.428571  -1.779115
  0.551020  -1.789798
  0.673469  -1.513066
  0.795918  -1.039927
  0.918367  -1.191881
  1.040816  -0.953285
  1.163265  -0.777807
  1.285714  -0.699902
  1.408163  -0.147571
  1.530612  -0.527519
  1.653061  -0.090487
  1.775510  -0.046768
  1.897959   0.247905
  2.020408   0.051542
  2.142857  -0.292753
  2.265306  -0.008112
  2.387755   0.195547
  2.510204   0.645995
  2.632653   0.301013
  2.755102   0.360447
  2.877551   0.146856
  3.000000   0.533785
