   t (min) counts/min
         0        192
         8        169
        16        148
        24        115
        32        110
        40        103
        48         78
        56         78
        64         75
        72         76
        80         52
        88         48
        96         59
       104         48
       112         55
       120         36
       128         40
       136         32
       144         44
       152         25
       160         34
       168         34
       176         25
       184         32
       192         10
       200         21
