   t (min) counts/min
         0        248
         2        211
         4        222
         6        182
         8        201
        10        202
        12        186
        14        186
        16        168
        18        157
        20        165
        22        154
        24        170
        26        158
        28        131
        30        132
        32        141
        34        111
        36        115
        38        124
        40        129
        42        119
        44        108
        46        105
        48        117
        50         90
